50 50
->E
1=Player 2=Wall 3=Enemy
<-E
->T
2=ground 3=awesomeface1 5=zombie 6=playerpack
<-T
->A
0 0 0 0 0 0 0 0 0 0 0 0 0 0 0 0 0 0 0 0 0 0 0 0 0 0 0 0 0 0 0 0 0 0 0 0 0 0 0 0 0 0 0 0 0 0 0 0 0 0
0 0 0 0 0 0 0 0 0 0 0 0 0 0 0 0 0 0 0 0 0 0 0 0 0 0 0 0 0 0 0 0 0 0 0 0 0 0 0 0 0 0 0 0 0 0 0 0 0 0
0 0 0 0 0 0 0 0 0 0 0 0 0 0 0 0 0 0 0 0 0 0 0 0 0 0 0 0 0 0 0 0 0 0 0 0 0 0 0 0 0 0 0 0 0 0 0 0 0 0
0 0 0 0 0 0 0 0 0 0 0 0 0 0 0 0 0 0 0 0 0 0 0 0 0 0 0 0 0 0 0 0 0 0 0 0 0 0 0 0 0 0 0 0 0 0 0 0 0 0
0 0 0 0 0 0 0 0 0 0 0 0 0 0 0 0 0 0 0 0 0 0 0 0 0 0 0 0 0 0 0 0 0 0 0 0 0 0 0 0 0 0 0 0 0 0 0 0 0 0
0 0 0 0 0 0 0 0 0 0 0 0 0 0 0 0 0 0 0 0 0 0 0 0 0 0 0 0 0 0 0 0 0 0 0 0 0 0 0 0 0 0 0 0 0 0 0 0 0 0
0 0 0 0 0 0 0 0 0 0 0 0 0 0 0 0 0 0 0 0 0 0 0 0 0 0 0 0 0 0 0 0 0 0 0 0 0 0 0 0 0 0 0 0 0 0 0 0 0 0
0 0 0 0 0 0 0 0 0 0 0 0 0 0 0 0 0 0 0 0 0 0 0 0 0 0 0 0 0 0 0 0 0 0 0 0 0 0 0 0 0 0 0 0 0 0 0 0 0 0
0 0 0 0 0 0 0 0 0 0 0 0 0 0 0 0 0 0 0 0 0 0 0 0 0 0 0 0 0 0 0 0 0 0 0 0 0 0 0 0 0 0 0 0 0 0 0 0 0 0
0 0 0 0 0 0 0 0 0 0 0 0 0 0 0 0 0 0 0 0 0 0 0 0 0 0 0 0 0 0 0 0 0 0 0 0 0 0 0 0 0 0 0 0 0 0 0 0 0 0
0 0 0 0 0 0 0 0 0 0 0 0 0 0 0 0 0 0 0 0 0 0 0 0 0 0 0 0 0 0 0 0 0 0 0 0 0 0 0 0 0 0 0 0 0 0 0 0 0 0
0 0 0 0 0 0 0 0 0 0 0 0 0 0 0 0 0 0 0 0 0 0 0 0 0 0 0 0 0 0 0 0 0 0 0 0 0 0 0 0 0 0 0 0 0 0 0 0 0 0
0 0 0 0 0 0 0 0 0 0 0 0 0 0 0 0 0 0 0 0 0 0 0 0 0 0 0 0 0 0 0 0 0 0 0 0 0 0 0 0 0 0 0 0 0 0 0 0 0 0
0 0 0 0 0 0 0 0 0 0 0 0 0 0 0 0 0 0 0 0 0 0 0 0 0 0 0 0 0 0 0 0 0 0 0 0 0 0 0 0 0 0 0 0 0 0 0 0 0 0
0 0 0 0 0 0 0 0 0 0 0 0 0 0 0 0 0 0 0 0 0 0 0 0 0 0 0 0 0 0 0 0 0 0 0 0 0 0 0 0 0 0 0 0 0 0 0 0 0 0
0 0 0 0 0 0 0 0 0 0 0 0 0 0 0 0 0 0 0 0 0 0 0 0 0 0 0 0 0 0 0 0 0 0 0 0 0 0 0 0 0 0 0 0 0 0 0 0 0 0
0 0 0 0 0 0 0 0 0 0 0 0 0 0 0 0 0 0 0 0 0 0 0 0 0 0 0 0 0 0 0 0 0 0 0 0 0 0 0 0 0 0 0 0 0 0 0 0 0 0
0 0 0 0 0 0 0 0 0 0 0 0 0 0 0 0 0 0 0 0 0 0 0 0 0 0 0 0 0 0 0 0 0 0 0 0 0 0 0 0 0 0 0 0 0 0 0 0 0 0
0 0 0 0 0 0 0 0 0 0 0 0 0 0 0 0 0 0 0 0 0 0 0 0 0 0 0 0 0 0 0 0 0 0 0 0 0 0 0 0 0 0 0 0 0 0 0 0 0 0
0 0 0 0 0 0 0 0 0 0 0 0 0 0 0 0 0 0 0 0 0 0 0 0 0 0 0 0 0 0 0 0 0 0 0 0 0 0 0 0 0 0 0 0 0 0 0 0 0 0
0 0 0 0 0 0 0 0 0 0 0 0 0 0 0 0 0 0 0 0 0 0 0 0 0 0 0 0 0 0 0 0 0 0 0 0 0 0 0 0 0 0 0 0 0 0 0 0 0 0
2_2/2.0_2.0/270.0 2_2/2.0_2.0/180.0 2_2/2.0_2.0/180.0 2_2/2.0_2.0/180.0 2_2/2.0_2.0/180.0 2_2/2.0_2.0/180.0 2_2/2.0_2.0/180.0 2_2/2.0_2.0/180.0 2_2/2.0_2.0/180.0 2_2/2.0_2.0/180.0 2_2/2.0_2.0/180.0 2_2/2.0_2.0/180.0 2_2/2.0_2.0/180.0 2_2/2.0_2.0/180.0 2_2/2.0_2.0/180.0 2_2/2.0_2.0/180.0 2_2/2.0_2.0/180.0 2_2/2.0_2.0/180.0 2_2/2.0_2.0/180.0 2_2/2.0_2.0/180.0 2_2/2.0_2.0/180.0 2_2/2.0_2.0/180.0 2_2/2.0_2.0/180.0 2_2/2.0_2.0/180.0 2_2/2.0_2.0/180.0 2_2/2.0_2.0/180.0 2_2/2.0_2.0/180.0 2_2/2.0_2.0/180.0 2_2/2.0_2.0/180.0 2_2/2.0_2.0/180.0 2_2/2.0_2.0/180.0 0 0 0 0 0 0 0 0 0 0 0 0 0 0 0 0 0 0 0
2_2/2.0_2.0/270.0 0 0 0 0 0 0 0 0 0 0 0 0 0 0 0 0 0 0 0 0 0 0 0 0 0 0 0 0 0 2_2/2.0_2.0/90.0 0 0 0 0 0 0 0 0 0 0 0 0 0 0 0 0 0 0 0
2_2/2.0_2.0/270.0 0 0 0 0 0 0 0 0 0 0 0 0 0 0 0 0 0 0 0 0 0 0 0 0 0 0 0 0 0 2_2/2.0_2.0/90.0 0 0 0 0 0 0 0 0 0 0 0 0 0 0 0 0 0 0 0
2_2/2.0_2.0/270.0 0 0 0 0 0 0 0 0 0 0 0 0 0 0 0 0 0 0 0 0 0 0 0 0 0 0 0 0 0 2_2/2.0_2.0/90.0 0 0 0 0 0 0 0 0 0 0 0 0 0 0 0 0 0 0 0
2_2/2.0_2.0/270.0 0 0 0 0 0 0 0 0 0 3_5/6.0_6.0/0.0 0 0 0 0 0 0 0 0 0 0 0 0 0 0 0 0 0 0 0 2_2/2.0_2.0/90.0 0 0 0 0 0 0 0 0 0 0 0 0 0 0 0 0 0 0 0
2_2/2.0_2.0/270.0 0 0 0 0 0 0 0 0 0 0 0 0 0 0 0 0 0 0 0 0 0 0 0 0 0 0 0 0 0 2_2/2.0_2.0/90.0 0 0 0 0 0 0 0 0 0 0 0 0 0 0 0 0 0 0 0
2_2/2.0_2.0/270.0 0 0 0 0 0 0 0 0 0 0 0 0 0 0 0 0 0 3_3/2.0_2.0/0.0 0 0 0 0 0 0 0 0 0 0 0 2_2/2.0_2.0/90.0 0 0 0 0 0 0 0 0 0 0 0 0 0 0 0 0 0 0 0
2_2/2.0_2.0/270.0 0 0 0 0 0 0 0 0 0 0 0 0 0 0 0 0 0 0 0 0 0 0 0 0 0 0 0 0 0 2_2/2.0_2.0/90.0 0 0 0 0 0 0 0 0 0 0 0 0 0 0 0 0 0 0 0
2_2/2.0_2.0/270.0 0 0 0 0 0 0 0 0 0 0 0 0 0 0 0 0 0 0 0 0 0 0 0 3_5/6.0_6.0/0.0 0 0 0 0 0 2_2/2.0_2.0/90.0 0 0 0 0 0 0 0 0 0 0 0 0 0 0 0 0 0 0 0
2_2/2.0_2.0/270.0 0 0 0 0 0 0 0 0 0 0 0 0 0 0 0 0 0 0 0 0 0 0 0 0 0 0 0 0 0 2_2/2.0_2.0/90.0 0 0 0 0 0 0 0 0 0 0 0 0 0 0 0 0 0 0 0
2_2/2.0_2.0/270.0 0 0 0 0 3_3/2.0_2.0/0.0 0 0 0 0 0 0 0 0 0 0 0 0 0 0 0 0 0 0 0 0 0 0 0 0 2_2/2.0_2.0/90.0 0 0 0 0 0 0 0 0 0 0 0 0 0 0 0 0 0 0 0
2_2/2.0_2.0/270.0 0 0 0 0 0 0 0 0 0 0 0 1_6/6.0_6.0/0.0 0 0 0 0 0 0 0 0 0 0 0 0 0 0 0 0 0 2_2/2.0_2.0/90.0 0 0 0 0 0 0 0 0 0 0 0 0 0 0 0 0 0 0 0
2_2/2.0_2.0/270.0 0 0 0 0 0 0 0 0 0 0 0 0 0 0 0 0 0 0 0 0 0 0 0 0 0 0 0 0 0 2_2/2.0_2.0/90.0 0 0 0 0 0 0 0 0 0 0 0 0 0 0 0 0 0 0 0
2_2/2.0_2.0/270.0 0 0 0 0 0 0 0 0 0 0 0 0 0 0 0 0 0 0 0 0 0 0 0 0 3_5/6.0_6.0/0.0 0 0 0 0 2_2/2.0_2.0/90.0 0 0 0 0 0 0 0 0 0 0 0 0 0 0 0 0 0 0 0
2_2/2.0_2.0/270.0 0 0 0 0 0 0 0 0 0 0 0 0 0 0 0 0 0 0 3_3/2.0_2.0/0.0 0 0 0 0 0 0 0 0 0 0 2_2/2.0_2.0/90.0 0 0 0 0 0 0 0 0 0 0 0 0 0 0 0 0 0 0 0
2_2/2.0_2.0/270.0 0 0 0 0 0 0 0 0 0 0 0 0 0 0 0 0 0 0 0 0 0 0 0 0 0 0 0 0 0 2_2/2.0_2.0/90.0 0 0 0 0 0 0 0 0 0 0 0 0 0 0 0 0 0 0 0
2_2/2.0_2.0/270.0 0 0 0 0 0 0 0 0 0 0 0 0 0 0 0 0 0 0 0 0 0 0 0 0 0 0 0 0 0 2_2/2.0_2.0/90.0 0 0 0 0 0 0 0 0 0 0 0 0 0 0 0 0 0 0 0
2_2/2.0_2.0/270.0 0 0 0 0 0 0 0 0 0 0 0 0 0 0 0 0 0 0 0 0 0 0 0 0 0 0 0 0 0 2_2/2.0_2.0/90.0 0 0 0 0 0 0 0 0 0 0 0 0 0 0 0 0 0 0 0
2_2/2.0_2.0/270.0 0 0 3_3/2.0_2.0/0.0 0 0 0 0 0 0 0 0 0 0 0 0 0 0 0 0 0 0 0 0 0 0 0 0 0 0 2_2/2.0_2.0/90.0 0 0 0 0 0 0 0 0 0 0 0 0 0 0 0 0 0 0 0
2_2/2.0_2.0/270.0 0 0 0 0 0 0 0 0 0 0 0 0 0 0 0 0 0 0 0 0 0 0 0 0 0 0 0 0 0 2_2/2.0_2.0/90.0 0 0 0 0 0 0 0 0 0 0 0 0 0 0 0 0 0 0 0
2_2/2.0_2.0/270.0 0 0 0 0 0 0 0 0 0 0 0 0 0 0 0 0 0 0 0 0 0 0 0 0 0 0 3_5/6.0_6.0/0.0 0 0 2_2/2.0_2.0/90.0 0 0 0 0 0 0 0 0 0 0 0 0 0 0 0 0 0 0 0
2_2/2.0_2.0/270.0 0 0 0 0 0 0 0 0 0 0 0 0 0 0 0 0 0 0 0 0 0 0 0 0 0 0 0 0 0 2_2/2.0_2.0/90.0 0 0 0 0 0 0 0 0 0 0 0 0 0 0 0 0 0 0 0
2_2/2.0_2.0/270.0 0 0 0 0 0 0 0 0 0 0 0 0 0 0 0 0 0 0 0 0 0 0 0 0 0 0 0 0 0 2_2/2.0_2.0/90.0 0 0 0 0 0 0 0 0 0 0 0 0 0 0 0 0 0 0 0
2_2/2.0_2.0/270.0 0 0 0 0 0 0 0 0 0 3_3/2.0_2.0/0.0 0 0 0 0 0 0 0 0 0 3_3/2.0_2.0/0.0 0 0 0 0 0 0 0 0 0 2_2/2.0_2.0/90.0 0 0 0 0 0 0 0 0 0 0 0 0 0 0 0 0 0 0 0
2_2/2.0_2.0/270.0 0 0 0 0 0 0 0 0 0 0 0 0 0 0 0 0 0 0 0 0 0 0 0 0 0 0 0 0 0 2_2/2.0_2.0/90.0 0 0 0 0 0 0 0 0 0 0 0 0 0 0 0 0 0 0 0
2_2/2.0_2.0/270.0 0 0 0 0 0 0 0 0 0 0 0 0 0 0 0 0 0 0 0 0 0 0 0 0 0 0 0 0 0 2_2/2.0_2.0/90.0 0 0 0 0 0 0 0 0 0 0 0 0 0 0 0 0 0 0 0
2_2/2.0_2.0/270.0 0 0 0 2_2/2.0_2.0/0.0 2_2/2.0_2.0/0.0 2_2/2.0_2.0/0.0 2_2/2.0_2.0/0.0 2_2/2.0_2.0/0.0 2_2/2.0_2.0/0.0 2_2/2.0_2.0/0.0 2_2/2.0_2.0/0.0 2_2/2.0_2.0/0.0 2_2/2.0_2.0/0.0 2_2/2.0_2.0/0.0 2_2/2.0_2.0/0.0 2_2/2.0_2.0/0.0 2_2/2.0_2.0/0.0 2_2/2.0_2.0/0.0 2_2/2.0_2.0/0.0 2_2/2.0_2.0/0.0 2_2/2.0_2.0/0.0 2_2/2.0_2.0/0.0 2_2/2.0_2.0/0.0 2_2/2.0_2.0/0.0 2_2/2.0_2.0/0.0 2_2/2.0_2.0/0.0 2_2/2.0_2.0/0.0 2_2/2.0_2.0/0.0 0 2_2/2.0_2.0/90.0 0 0 0 0 0 0 0 0 0 0 0 0 0 0 0 0 0 0 0
0 0 0 0 0 0 0 0 0 0 0 0 0 0 0 0 0 0 0 0 0 0 0 0 0 0 0 0 0 0 0 0 0 0 0 0 0 0 0 0 0 0 0 0 0 0 0 0 0 0
0 0 0 0 0 0 0 0 0 0 0 0 0 0 0 0 0 0 0 0 0 0 0 0 0 0 0 0 0 0 0 0 0 0 0 0 0 0 0 0 0 0 0 0 0 0 0 0 0 0
<-A
->P
32.0 4.0 25.0 1.0
60.0 29.0 1.0 26.0
31.0 56.0 30.0 1.0
0.0 30.0 1.0 27.0
<-P